INSERT INTO osbb.apartments (number, id_buildings, area, number_of_rooms)
VALUES
(1,1,100.5,3),
(2,1,85.2,2),
(3,1,120.8,4),
(4,1,68.7,1),
(5,1,92.4,3),
(6,1,110.0,2),
(7,1,78.3,2),
(8,1,150.6,4),
(9,1,95.1,3),
(10,1,115.2,2),
(11,1,88.9,1),
(12,1,105.3,2),
(13,1,130.0,4),
(14,1,75.6,2),
(15,1,112.7,3),
(16,1,96.8,2),
(17,1,68.5,1),
(18,1,123.4,4),
(19,1,84.2,2),
(20,1,115.7,3),
(21,1,70.9,1),
(22,1,132.1,4),
(23,1,98.3,3),
(24,1,110.6,2),
(25,1,76.5,2),
(26,1,118.9,3),
(27,1,85.7,2),
(28,1,125.4,4),
(29,1,92.6,3),
(30,1,105.8,2),
(1,2,135.0,4),
(2,2,78.1,2),
(3,2,112.2,3),
(4,2,89.4,2),
(5,2,123.7,4),
(6,2,96.9,3),
(7,2,110.5,2),
(8,2,80.3,2),
(9,2,128.8,4),
(10,2,92.0,3),
(11,2,106.1,2),
(12,2,74.2,2),
(13,2,118.5,3),
(14,2,101.7,2),
(15,2,133.2,4),
(16,2,84.8,2),
(17,2,120.3,3),
(18,2,97.4,2),
(19,2,111.9,3),
(20,2,79.5,2),
(21,2,127.6,4),
(22,2,91.8,3),
(23,2,105.0,2),
(24,2,76.9,2),
(25,2,114.3,3),
(26,2,102.5,2),
(27,2,134.8,4),
(28,2,87.6,2),
(29,2,125.6,3),
(30,2,100.4,2),
(31,2,135.0,4),
(32,2,78.1,2),
(33,2,112.2,3),
(34,2,89.4,2),
(35,2,123.7,4),
(36,2,96.9,3),
(37,2,110.5,2),
(38,2,80.3,2),
(39,2,128.8,4),
(40,2,92.0,3),
(41,2,106.1,2),
(42,2,74.2,2),
(43,2,118.5,3),
(44,2,101.7,2),
(45,2,133.2,4),
(46,2,84.8,2),
(47,2,120.3,3),
(48,2,97.4,2),
(49,2,111.9,3),
(50,2,79.5,2),
(1,3,100.4,2),
(2,3,135.0,4),
(3,3,78.1,2),
(4,3,112.2,3),
(5,3,89.4,2),
(6,3,123.7,4),
(7,3,96.9,3),
(8,3,110.5,2),
(9,3,80.3,2),
(10,3,128.8,4),
(11,3,92.0,3),
(12,3,106.1,2),
(13,3,74.2,2),
(14,3,118.5,3),
(15,3,101.7,2),
(16,3,133.2,4),
(17,3,84.8,2),
(18,3,120.3,3),
(19,3,97.4,2),
(20,3,111.9,3);
